1.2833921573474072e-05
0.427402526140213
0.0006427767802961171
0.020113768056035042
-0.0
-0.0
0.0006238572532311082
8.265137125818001e-07
-0.0
6.276634693145752
0.00273939804174006
0.0005540836718864739
0.22019915282726288
-0.0
-0.0
-0.0
0.6999073624610901
9.85456154012354e-07
-0.0
1.2715652530914667e-07
2.622603858526418e-07
-0.0
6.675701911262877e-07
0.0020917828660458326
0.39966094493865967
-0.0
0.00011268573143752292
0.430168479681015
-0.0
0.0031143089290708303
0.10797680169343948
6.516509529319592e-06
0.4590420126914978
0.4316617250442505
-0.0
0.3841160833835602
6.357807365020562e-07
0.0007176794460974634
2.384185648907078e-08
-0.0
-0.0
0.0015701658558100462
3.9736416823643594e-08
-0.0
0.0002557555853854865
1.8358001625529141e-06
0.03363489732146263
5.0377326260786504e-05
1.0331468303093061e-07
-0.0
-0.0
-0.0
0.4399334788322449
-0.0
-0.0
0.22585804760456085
-0.0
0.22202028334140778
-0.0
0.1516704261302948
-0.0
0.6530874967575073
7.247682788147358e-06
-0.0
-0.0
0.0044305888004601
-0.0
-0.0
0.4204281270503998
-0.0
-0.0
3.973642392907095e-08
-0.0
-0.0
-0.0
0.003611211897805333
-0.0
-0.0
-0.0
0.1712339073419571
-0.0
-0.0
0.00011809811985585839
0.4327147901058197
-0.0
-0.0
-0.0
0.02317965216934681
0.00016817956930026412
0.1561989039182663
6.357827686542805e-08
-0.0
-0.0
0.0032805991359055042
6.3179954850056674e-06
-0.0
3.178913488000035e-08
0.0005123279988765717
-0.0
0.0006235369946807623
0.479995995759964
6.834630994489999e-07
0.0004923388478346169
-0.0
-0.0
1.064934167516185e-06
-0.0
0.0007943641976453364
0.001739087630994618
0.0010087309638038278
0.11947009712457657
-0.0
-0.0
0.01252718549221754
-0.0
0.1798892617225647
8.332977449754253e-05
-0.0
0.00013884446525480598
-0.0
1.5894569216357013e-08
-0.0
-0.0
0.14530467987060547
2.384185471271394e-08
-0.0
0.4613708257675171
-0.0
0.0018172548152506351
0.03610468655824661
-0.0
0.015895986929535866
7.21064570825547e-05
7.947281233100512e-08
-0.0
0.11529248207807541
-0.0
0.4276382327079773
0.17641931772232056
-0.0
-0.0
3.178913488000035e-08
0.0002477587840985507
-0.0
4.07863590226043e-05
-0.0
9.536741885085576e-08
-0.0
0.08365878462791443
0.0003577130555640906
0.016226191073656082
0.1142132356762886
1.3828199598719948e-06
0.028123166412115097
-0.0
-0.0
-0.0
0.0005785234970971942
8.67481721797958e-05
1.589455962403008e-07
7.072882908687461e-06
-0.0
-0.0
0.18858058750629425
0.12948854267597198
-0.0
-0.0
0.1824221909046173
-0.0
5.125782990944572e-05
0.27542999386787415
0.0013814313570037484
-0.0
0.45408934354782104
1.2397177670209203e-05
0.0010137432254850864
-0.0
-0.0
-0.0
-0.0
0.0004537217610049993
2.349776514165569e-05
0.0005118564586155117
0.03435789793729782
0.11059785634279251
-0.0
-0.0
0.0021866781171411276
-0.0
0.1400037705898285
-0.0
-0.0
-0.0
0.4474083185195923
-0.0
7.947285496356926e-09
-0.0
0.4325074553489685
-0.0
0.10885541886091232
6.34994066786021e-05
-0.0
-0.0
0.12633420526981354
0.00017324315558653325
3.084518539253622e-05
9.154991857940331e-06
0.03332372009754181
0.0005706622614525259
0.009203379973769188
4.76837058727142e-08
-0.0
-0.0
0.0006851496291346848
-0.0
0.0001072590021067299
0.3585909605026245
-0.0
0.17333438992500305
-0.0
-0.0
0.00017346613458357751
-0.0
0.13166362047195435
-0.0
-0.0
-0.0
0.0008003059192560613
-0.0
-0.0
0.5305317640304565
3.0367855288204737e-05
-0.0
-0.0
0.10392224788665771
0.0007476991158910096
0.012792839668691158
0.15197239816188812
-0.0
0.07997067272663116
-0.0
-0.0
-0.0
-0.0
-0.0
0.09881961345672607
0.008240307681262493
2.814358776959125e-05
-0.0
-0.0
0.22572781145572662
-0.0
0.007100523915141821
0.4488055408000946
6.675699637526122e-07
7.947285496356926e-09
0.001190928858704865
3.9736414692015387e-07
0.00017098194803111255
-0.0
-0.0
3.9736416823643594e-08
7.947285496356926e-09
0.12478800117969513
2.988152573379921e-06
0.03191486746072769
0.00027999497251585126
-0.0
0.033104218542575836
4.370993167412962e-07
0.0002972025249619037
0.46043479442596436
-0.0
0.26621168851852417
0.0623115636408329
-0.0
1.33188141262508e-05
-0.0
0.11282268911600113
0.0834740623831749
0.0029700836166739464
7.947285496356926e-09
3.1789138432714026e-08
0.054052822291851044
-0.0
0.023426678031682968
0.06415021419525146
-0.0
0.031882863491773605
-0.0
0.4327217638492584
0.08497504889965057
4.3710036834454513e-07
0.003510282374918461
5.038501512899529e-06
9.651547588873655e-05
0.00026848711422644556
0.028709232807159424
1.4344428564072587e-05
-0.0
