1.0
0.6000000238418579
1.0
1.0
1.0
1.0
1.0
1.0
1.0
0.8666666746139526
1.0
1.0
0.9333333373069763
1.0
1.0
1.0
0.8666666746139526
1.0
1.0
1.0
1.0
1.0
1.0
1.0
0.9333333373069763
1.0
1.0
0.800000011920929
1.0
1.0
0.9333333373069763
1.0
0.7333333492279053
0.7333333492279053
1.0
0.9333333373069763
1.0
1.0
1.0
1.0
1.0
1.0
1.0
1.0
1.0
1.0
1.0
1.0
1.0
1.0
1.0
1.0
0.7333333492279053
1.0
1.0
0.8666666746139526
1.0
0.8666666746139526
1.0
1.0
1.0
0.800000011920929
1.0
1.0
1.0
1.0
1.0
1.0
0.8666666746139526
1.0
1.0
1.0
1.0
1.0
1.0
1.0
1.0
1.0
1.0
0.9333333373069763
1.0
1.0
1.0
0.800000011920929
1.0
1.0
1.0
1.0
1.0
1.0
1.0
1.0
1.0
1.0
1.0
1.0
1.0
1.0
1.0
1.0
0.7333333492279053
1.0
1.0
1.0
1.0
1.0
1.0
1.0
1.0
1.0
0.9333333373069763
1.0
1.0
1.0
1.0
0.8666666746139526
1.0
1.0
1.0
1.0
1.0
1.0
1.0
0.9333333373069763
1.0
1.0
0.7333333492279053
1.0
1.0
1.0
1.0
1.0
1.0
1.0
1.0
0.9333333373069763
1.0
0.8666666746139526
0.9333333373069763
1.0
1.0
1.0
1.0
1.0
1.0
1.0
1.0
1.0
0.9333333373069763
1.0
1.0
1.0
1.0
1.0
1.0
1.0
1.0
1.0
1.0
1.0
1.0
1.0
1.0
0.9333333373069763
0.8666666746139526
1.0
1.0
0.8666666746139526
1.0
1.0
0.9333333373069763
1.0
1.0
0.7333333492279053
1.0
1.0
1.0
1.0
1.0
1.0
1.0
1.0
1.0
1.0
0.9333333373069763
1.0
1.0
1.0
1.0
0.9333333373069763
1.0
1.0
1.0
0.800000011920929
1.0
1.0
1.0
0.9333333373069763
1.0
0.9333333373069763
1.0
1.0
1.0
0.9333333373069763
1.0
1.0
1.0
1.0
1.0
1.0
1.0
1.0
1.0
1.0
1.0
1.0
0.800000011920929
1.0
0.9333333373069763
1.0
1.0
1.0
1.0
0.9333333373069763
1.0
1.0
1.0
1.0
1.0
1.0
0.9333333373069763
1.0
1.0
1.0
0.9333333373069763
1.0
1.0
1.0
1.0
0.9333333373069763
1.0
1.0
1.0
1.0
1.0
0.9333333373069763
1.0
1.0
1.0
1.0
0.9333333373069763
1.0
1.0
0.6666666865348816
1.0
1.0
1.0
1.0
1.0
1.0
1.0
1.0
1.0
0.9333333373069763
1.0
1.0
1.0
1.0
1.0
1.0
1.0
0.7333333492279053
1.0
0.9333333373069763
0.9333333373069763
1.0
1.0
1.0
1.0
1.0
1.0
1.0
1.0
0.9333333373069763
1.0
1.0
1.0
1.0
1.0
1.0
0.8666666746139526
0.9333333373069763
1.0
1.0
1.0
1.0
1.0
1.0
1.0
1.0
